0.0538321
0.0575658
0.0623646
0.0623646
0.0623646
0.0623646
0.0623646
0.0623646
0.0623646
0.0623646
0.0623646
0.0623646
0.0623646
0.0623646
0.0623646
0.0623646
0.0606366
0.0605631
0.0605631
0.0609675
0.0614863
0.0612616
0.0622543
0.0623646
0.0623646
0.0623646
0.0623646
0.0623646
0.0623646
0.0623646
0.0623646
0.0623646
0.0623646
0.0623646
0.0623646
0.0623646
0.0623646
0.0623646
0.0623646
0.0623646
0.0623646
0.0623646
0.0623646
0.0623646
0.0623646
0.0623646
0.0623646
0.0623646
0.0623646
0.0623646
0.0623646
0.0623646
0.0623646
0.0623646
0.0623646
0.0623646
0.0623646
0.0623646
0.0623646
0.0623646
0.0589618
0.0601423
0.0623646
0.0623646
0.0623646
0.0623646
0.0623646
0.0623646
0.0623646
0.0595868
0.0595173
0.0623646
0.0605631
0.0623646
0.0694319
0.0623646
0.0694319
0.0623646
0.0694319
0.0744344
0.0767421
0.0767421
0.0767421
0.0767421
0.0767421
0.0767421
0.0767421
0.0767421
0.0767421
0.0768703
0.083125
0.0772222
0.0771726
0.0738631
0.0772222
0.0772222
0.0772222
0.0772222
0.0772222
0.0772222
