0.0714286 
0.0714286 
0.0714286 
0.0714286 
0.0714286 
0.0714286 
0.0714286 
0.0714286 
0.0714286 
0.0714286 
0.0714286 
0.0714286 
0.0714286 
0.0714286 
0.0714286 
0.0714286 
0.0714286 
0.0714286 
0.0714286 
0.0714286 
0.0714286 
0.0714286 
0.0714286 
0.0714286 
0.0714286 
0.0714286 
0.0714286 
0.0714286 
0.0714286 
0.0714286 
0.0714286 
0.0714286 
0.0714286 
0.0714286 
0.0714286 
0.0714286 
0.0714286 
0.0714286 
0.0714286 
0.0714286 
0.0714286 
0.0714286 
0.0714286 
0.0714286 
0.0714286 
0.0714286 
0.0714286 
0.0714286 
0.0714286 
0.0714286 
0.0714286 
0.0714286 
0.0714286 
0.0714286 
0.0714286 
0.0714286 
0.0714286 
0.0714286 
0.0714286 
0.0714286 
0.0714286 
0.0714286 
0.0714286 
0.0714286 
0.0714286 
0.0714286 
0.0714286 
0.0714286 
0.0714286 
0.0714286 
0.0714286 
0.0714286 
0.0714286 
0.0714286 
0.0769231 
0.0769231 
0.0769231 
0.0769231 
0.0769231 
0.0769231 
0.0769231 
0.0769231 
0.0769231 
0.0769231 
0.0769231 
0.0769231 
0.0769231 
0.0769231 
0.0769231 
0.0833333 
0.0833333 
0.0833333 
0.0833333 
0.0833333 
0.0833333 
0.0833333 
0.0833333 
0.0833333 
0.0833333 
0.0833333 
