4100602814
4100602814
4100602814
4100602814
4100602814
4100602814
4100602814
4100602814
4100602814
4100602814
4100602814
4100602814
4100602814
4100602814
4100602814
4100602814
4100602814
4100602814
4100602814
4100602814
4100602814
4100602814
4100602814
4100602814
4100602814
4100602814
4100602814
4100602814
4100602814
4100602814
4100602814
4100602814
4100602814
4100602814
4100602814
4100602814
4100602814
4100602814
4100602814
4100602814
4100602814
4100602814
4100602814
4100602814
4100602814
4100602814
4100602814
4100602814
4100602814
4100602814
4100602814
4100602814
4100602814
4100602814
4100602814
4100602814
4100602814
4100602814
4100602814
4100602814
4100602814
4100602814
4100602814
4100602814
4100602814
4100602814
4100602814
4100602814
4100602814
4100602814
4100602814
4100602814
4100602814
4100602814
0146101263
0146101263
0146101263
0146101263
0146101263
0146101263
0146101263
0146101263
0146101263
0146101263
0146101263
0146101263
0146101263
0146101263
0146101263
014681263
014681263
014681263
014681263
014681263
014681263
014681263
014681263
014681263
014681263
014681263
