0.0517534
0.0571895
0.0573235
0.0543465
0.0543465
0.0543465
0.0605631
0.0605631
0.0605631
0.0605631
0.0556558
0.0556558
0.0556558
0.0588137
0.0589484
0.0624013
0.0589484
0.0668382
0.0668382
0.0668382
0.0668382
0.0668382
0.0624013
0.0668382
0.0624013
0.062634
0.0644846
0.0644846
0.0657902
0.0644846
0.064443
0.062568
0.062568
0.062568
0.062568
0.062568
0.064443
0.0663596
0.062568
0.064443
0.0644846
0.0663596
0.0644846
0.0663596
0.0663596
0.0663596
0.0663596
0.0663596
0.0663596
0.0663596
0.0663596
0.0663596
0.0663596
0.0663596
0.0663596
0.0663596
0.0663596
0.0663596
0.0645263
0.0645263
0.0645263
0.059818
0.0568319
0.063366
0.0713025
0.0689216
0.0689216
0.0689216
0.0702073
0.0713025
0.0713025
0.0713025
0.0713025
0.0713025
0.0713025
0.0713025
0.0713025
0.0713025
0.0713025
0.0713025
0.0713025
0.0713025
0.0713025
0.0713025
0.0713025
0.0713025
0.0713025
0.0713025
0.0713025
0.0713025
0.0713025
0.0713025
0.0713025
0.0713025
0.0713025
0.0713025
0.0713025
0.0713025
0.0713025
0.0713025
