0.0524574
0.0669643
0.0666607
0.0666845
0.0666845
0.0666845
0.0666845
0.0666845
0.0666845
0.0678188
0.0648868
0.0662828
0.0711607
0.071505
0.0711607
0.0737431
0.071505
0.071505
0.071505
0.0719153
0.0763255
0.0763255
0.0763255
0.0763255
0.0763255
0.0763255
0.0763255
0.0763255
0.0763255
0.0763255
0.0763255
0.0763255
0.0763255
0.0800641
0.0830128
0.0832692
0.0696748
0.0773333
0.0696748
0.0768681
0.0768681
0.0768681
0.0696748
0.0624632
0.0696566
0.0768681
0.0768681
0.0768681
0.0768681
0.0768681
0.0741209
0.0741209
0.0741209
0.0741209
0.0741282
0.0768681
0.0768681
0.0768681
0.0768681
0.0768681
0.0768681
0.0768681
0.0768681
0.0768681
0.0768681
0.0768681
0.0768681
0.0768681
0.0768681
0.0768681
0.0768681
0.0768681
0.0768681
0.0768681
0.0768681
0.0768681
0.0768681
0.0768681
0.0768681
0.0768681
0.0768681
0.0768681
0.0768681
0.0768681
0.0768681
0.0768681
0.0768681
0.0768681
0.0768681
0.0768681
0.0768681
0.0768681
0.0768681
0.0768681
0.0768681
0.0768681
0.0768681
0.0768681
0.0768681
0.0768681
