8415810140
8415810140
8415810140
8415810140
8415810140
8415810140
8415810140
8415810140
8415810140
8415810140
8415810140
8415810140
8415810140
8415810140
8415810140
8415810140
8415810140
8415810140
8415810140
8415810140
8415810140
8415810140
8415810140
8415810140
8415810140
8415810140
8415810140
8415810140
8415810140
8415810140
8415810140
8415810140
8415810140
01002138114
01002138114
01002138114
01002138114
01002138114
01002138114
01002138114
01002138114
01002138114
01002138114
01002138114
01002138114
01002138114
01002138114
01002138114
01002138114
01002138114
01002138114
01002138114
01002138114
01002138114
01002138114
01002138114
01002138114
01002138114
01002138114
01002138114
01002138114
01002138114
01002138114
01002138114
01002138114
01002138114
01002138114
01002138114
01002138114
01002138114
01002138114
01002138114
01002138114
01002138114
01002138114
01002138114
01002138114
01002138114
01002138114
01002138114
01002138114
01002138114
01002138114
01002138114
01002138114
01002138114
01002138114
01002138114
01002138114
01002138114
01002138114
01002138114
01002138114
01002138114
01002138114
01002138114
01002138114
01002138114
01002138114
01002138114
