0.0514802
0.0611111
0.066366
0.066366
0.066366
0.066366
0.066366
0.066366
0.066366
0.066366
0.066366
0.066366
0.066366
0.066366
0.066366
0.066366
0.066366
0.066366
0.0686517
0.0709266
0.0709266
0.0709266
0.0709266
0.0709266
0.0666409
0.0666409
0.0666409
0.0644921
0.0662837
0.0628327
0.0662837
0.0662837
0.0662837
0.0662837
0.0662837
0.0662837
0.0662837
0.0662837
0.0662837
0.0662837
0.0662837
0.0662837
0.0665456
0.0628327
0.0662837
0.0662837
0.0662837
0.0662837
0.0662837
0.0662837
0.0662837
0.0662837
0.0662837
0.0662837
0.0662837
0.0662837
0.0662837
0.0662837
0.0662837
0.0662837
0.0686409
0.0708313
0.0709266
0.0709266
0.0630319
0.0630319
0.0630319
0.0549491
0.0537963
0.0538176
0.0542436
0.0549491
0.0589982
0.0676423
0.0709266
0.0709266
0.0709266
0.0709266
0.0709266
0.0709266
0.0709266
0.0709266
0.0709266
0.0709266
0.0709266
0.0709266
0.0802267
0.0802267
0.0829013
0.076188
0.0817824
0.0829013
0.0895773
0.0895773
0.0895773
0.0895773
0.0895773
0.0859409
0.0823254
0.087265
