0.0714286 
0.0714286 
0.0714286 
0.0714286 
0.0714286 
0.0714286 
0.0714286 
0.0714286 
0.0714286 
0.0714286 
0.0714286 
0.0714286 
0.0714286 
0.0714286 
0.0714286 
0.0714286 
0.0714286 
0.0714286 
0.0714286 
0.0714286 
0.0714286 
0.0714286 
0.0714286 
0.0714286 
0.0714286 
0.0714286 
0.0714286 
0.0714286 
0.0714286 
0.0714286 
0.0714286 
0.0714286 
0.0714286 
0.0714286 
0.0714286 
0.0714286 
0.0714286 
0.0714286 
0.0714286 
0.0714286 
0.0714286 
0.0714286 
0.0714286 
0.0714286 
0.0714286 
0.0714286 
0.0714286 
0.0714286 
0.0714286 
0.0714286 
0.0714286 
0.0714286 
0.0714286 
0.0714286 
0.0714286 
0.0714286 
0.0714286 
0.0714286 
0.0714286 
0.0714286 
0.0714286 
0.0714286 
0.0714286 
0.0714286 
0.0714286 
0.0714286 
0.0714286 
0.0714286 
0.0714286 
0.0714286 
0.0714286 
0.0714286 
0.0714286 
0.0833333 
0.0833333 
0.0833333 
0.0833333 
0.0833333 
0.0833333 
0.0833333 
0.0833333 
0.0833333 
0.0833333 
0.0833333 
0.0833333 
0.0833333 
0.0909091 
0.0909091 
0.0909091 
0.0909091 
0.0909091 
0.0909091 
0.0909091 
0.0909091 
0.0909091 
0.0909091 
0.0909091 
0.0909091 
0.0909091 
0.1 
