49610312310
49610312310
49610312310
49610312310
49610312310
49610312310
49610312310
49610312310
49610312310
49610312310
49610312310
49610312310
49610312310
49610312310
49610312310
49610312310
49610312310
49610312310
49610312310
49610312310
49610312310
49610312310
49610312310
49610312310
49610312310
49610312310
49610312310
49610312310
49610312310
49610312310
49610312310
49610312310
49610312310
49610312310
49610312310
49610312310
49610312310
49610312310
49610312310
49610312310
49610312310
49610312310
49610312310
49610312310
49610312310
49610312310
49610312310
49610312310
49610312310
49610312310
49610312310
49610312310
49610312310
49610312310
49610312310
49610312310
49610312310
49610312310
49610312310
49610312310
49610312310
49610312310
49610312310
49610312310
49610312310
49610312310
49610312310
49610312310
49610312310
49610312310
49610312310
49610312310
49610312310
411121012101014
411121012101014
411121012101014
411121012101014
411121012101014
411121012101014
411121012101014
411121012101014
411121012101014
411121012101014
411121012101014
411121012101014
411121012101014
4051012101014
4051012101014
4051012101014
4051012101014
4051012101014
4051012101014
4051012101014
4051012101014
4051012101014
4051012101014
4051012101014
4051012101014
4051012101014
40510712107
