0.0532547
0.0557276
0.0563821
0.0558164
0.0561678
0.0623821
0.0623821
0.0623821
0.0623821
0.0623821
0.0623821
0.0623821
0.0623821
0.0623821
0.0623821
0.0623821
0.0623821
0.0623821
0.0623821
0.0623821
0.0623821
0.0623821
0.0623821
0.0623821
0.0623821
0.0623821
0.0623821
0.0623821
0.0658642
0.0712132
0.0712132
0.0712132
0.0712132
0.0712132
0.0712132
0.0712132
0.0712132
0.0712132
0.0712132
0.0712132
0.0712132
0.0712132
0.0712132
0.0712132
0.0712132
0.0712132
0.0712132
0.0712132
0.0712132
0.0712132
0.0712132
0.0712132
0.0712132
0.0712132
0.0712132
0.0712132
0.0712132
0.0712132
0.0712132
0.0712132
0.0712132
0.0712132
0.0712132
0.0712132
0.0712132
0.0712132
0.0712132
0.0712132
0.0712132
0.0712132
0.0712132
0.0712132
0.0712132
0.0712132
0.0712132
0.0712132
0.0712132
0.0712132
0.0712132
0.0712132
0.0712132
0.0712132
0.0712132
0.0712132
0.0712132
0.0712132
0.0712132
0.0712132
0.0712132
0.0712132
0.0712132
0.0712132
0.0712132
0.0712132
0.0712132
0.0712132
0.0712132
0.0712132
0.0712132
0.0712132
