0.0535269
0.0651261
0.0652045
0.0708768
0.0708768
0.0708768
0.0708768
0.0708768
0.0708768
0.0708768
0.0708768
0.0708768
0.0708768
0.0734042
0.0758694
0.0692348
0.067986
0.0692348
0.0610755
0.0610714
0.0594211
0.0652194
0.0708768
0.0708768
0.0708768
0.0708768
0.0708768
0.0708768
0.0708768
0.0708768
0.0708768
0.0708768
0.0708768
0.0708768
0.0708768
0.0708768
0.0708768
0.0708768
0.0708768
0.0708768
0.0708768
0.0708768
0.0708768
0.0708768
0.0708768
0.0708768
0.0650784
0.0686555
0.0708768
0.0650784
0.0687339
0.0687398
0.0687398
0.0686922
0.0686863
0.0708768
0.0708768
0.0708768
0.0708768
0.067216
0.0668697
0.0668589
0.0668589
0.0668697
0.0668589
0.0708768
0.0708768
0.0708768
0.0708768
0.0708768
0.0708768
0.0708768
0.0708768
0.0708768
0.0708768
0.0708768
0.0708768
0.0708768
0.0708768
0.0708768
0.0708768
0.0708768
0.0708768
0.0708768
0.0708768
0.0708768
0.0708768
0.0708768
0.0733493
0.0734042
0.0741209
0.0716484
0.0726786
0.0704258
0.0696566
0.0696566
0.0768681
0.0784707
0.0838611
0.0800733
