82111081120
82111081120
82111081120
82111081120
82111081120
82111081120
82111081120
82111081120
82111081120
82111081120
82111081120
82111081120
82111081120
82111081120
82111081120
82111081120
82111081120
82111081120
82111081120
82111081120
82111081120
82111081120
82111081120
82111081120
82111081120
82111081120
82111081120
82111081120
82111081120
82111081120
82111081120
82111081120
82111081120
82111081120
82111081120
82111081120
82111081120
82111081120
82111081120
82111081120
82111081120
82111081120
82111081120
82111081120
82111081120
82111081120
82111081120
82111081120
82111081120
82111081120
82111081120
82111081120
82111081120
82111081120
82111081120
82111081120
82111081120
82111081120
82111081120
82111081120
82111081120
82111081120
82111081120
82111081120
82111081120
82111081120
82111081120
82111081120
82111081120
82111081120
82111081120
82111081120
82111081120
82111081120
82111081120
82111081120
82111081120
82111081120
82111081120
82111081120
82111081120
82111081120
82111081120
82111081120
82111081120
82111081120
82111081120
82111081120
82111081120
82111081120
82111081120
82111081120
82111081120
82111081120
82111081120
82111081120
82111081120
01161712141
011101712141
011101712141
