0.0769231 
0.0769231 
0.0769231 
0.0769231 
0.0769231 
0.0769231 
0.0769231 
0.0769231 
0.0769231 
0.0769231 
0.0769231 
0.0769231 
0.0769231 
0.0769231 
0.0769231 
0.0769231 
0.0769231 
0.0769231 
0.0769231 
0.0769231 
0.0769231 
0.0769231 
0.0769231 
0.0769231 
0.0769231 
0.0769231 
0.0769231 
0.0769231 
0.0769231 
0.0769231 
0.0769231 
0.0769231 
0.0769231 
0.0769231 
0.0769231 
0.0769231 
0.0769231 
0.0769231 
0.0769231 
0.0769231 
0.0769231 
0.0769231 
0.0769231 
0.0769231 
0.0769231 
0.0769231 
0.0769231 
0.0769231 
0.0769231 
0.0769231 
0.0769231 
0.0769231 
0.0769231 
0.0769231 
0.0769231 
0.0769231 
0.0769231 
0.0769231 
0.0769231 
0.0769231 
0.0769231 
0.0769231 
0.0769231 
0.0769231 
0.0769231 
0.0769231 
0.0769231 
0.0769231 
0.0769231 
0.0769231 
0.0769231 
0.0769231 
0.0769231 
0.0769231 
0.0769231 
0.0769231 
0.0769231 
0.0769231 
0.0769231 
0.0769231 
0.0769231 
0.0769231 
0.0769231 
0.0769231 
0.0769231 
0.0769231 
0.0769231 
0.0769231 
0.0769231 
0.0769231 
0.0769231 
0.0769231 
0.0769231 
0.0769231 
0.0769231 
0.0769231 
0.0769231 
0.0833333 
0.0909091 
0.0909091 
