0.0553303
0.0590278
0.0590278
0.0590278
0.05625
0.0527778
0.0555556
0.05625
0.0625
0.0625
0.0625
0.0625
0.0590972
0.0625
0.0625
0.0625
0.0625
0.0625
0.0625
0.0625
0.0625
0.0625
0.0625
0.0625
0.0625
0.0625
0.0625
0.0625
0.0625
0.0625
0.0625
0.0625
0.0625
0.0625
0.0625
0.0625
0.0625
0.0625
0.0625
0.0625
0.0625
0.0625
0.0625
0.0625
0.0625
0.0625
0.0625
0.0625
0.0625
0.0625
0.0625
0.0625
0.0625
0.0625
0.0625
0.0625
0.058875
0.05625
0.05625
0.05625
0.05625
0.05625
0.0634615
0.0769231
0.0769231
0.0769231
0.0769231
0.0769231
0.0769231
0.0769231
0.0769231
0.0769231
0.0769231
0.0769231
0.0769231
0.0678733
0.0593665
0.0649127
0.0690724
0.0710892
0.0710892
0.0710892
0.0710892
0.0668928
0.0710892
0.0710892
0.0688511
0.0651648
0.0669201
0.0736716
0.0748073
0.0717949
0.0769231
0.077119
0.0769231
0.080969
0.0909091
0.0909091
0.0909091
0.0909091
