842111213610
842111213610
842111213610
842111213610
842111213610
842111213610
842111213610
842111213610
842111213610
842111213610
842111213610
842111213610
842111213610
842111213610
842111213610
842111213610
842111213610
842111213610
842111213610
842111213610
842111213610
842111213610
842111213610
842111213610
842111213610
842111213610
842111213610
842111213610
842111213610
842111213610
842111213610
842111213610
842111213610
842111213610
842111213610
842111213610
842111213610
842111213610
842111213610
842111213610
842111213610
842111213610
842111213610
842111213610
842111213610
842111213610
842111213610
842111213610
842111213610
842111213610
842111213610
842111213610
842111213610
842111213610
842111213610
842111213610
842111213610
842111213610
842111213610
842111213610
842111213610
842111213610
842111213610
842111213610
842111213610
842111213610
842111213610
842111213610
842111213610
842111213610
842111213610
842111213610
842111213610
842111213610
842111213610
842111213610
842111213610
842111213610
842111213610
842111213610
842111213610
842111213610
842111213610
842111213610
842111213610
842111213610
842111213610
842111213610
842111213610
842111213610
65106121240
65106121240
65106121240
65106121240
65106121240
05110121248
05110121248
05110121248
05110121248
05110121248
