0.0520289
0.0590278
0.0588317
0.0590278
0.0588317
0.0589101
0.0589101
0.0589101
0.0589101
0.0589101
0.0589101
0.0589101
0.0589101
0.0589101
0.0589101
0.0589101
0.0589101
0.0589101
0.0589101
0.0589101
0.0589101
0.0589101
0.0589101
0.0589101
0.0589101
0.0589101
0.0589101
0.0589101
0.0589101
0.0589101
0.0589101
0.0589101
0.0589101
0.0589101
0.0589101
0.0589101
0.0625964
0.0663611
0.0663611
0.0663611
0.0663611
0.0663611
0.0663611
0.0663611
0.0663611
0.0663611
0.0643611
0.0623611
0.0605964
0.0590155
0.0666468
0.0590278
0.0617596
0.0643611
0.0686468
0.0686468
0.0709325
0.0709325
0.0709325
0.0709325
0.0709325
0.0709325
0.0709325
0.0709325
0.0709325
0.0709325
0.0709325
0.0709325
0.0709325
0.0709325
0.0709325
0.0709325
0.0709325
0.0709325
0.0709325
0.0709325
0.0709325
0.0709325
0.0709325
0.0709325
0.0709325
0.0709325
0.0709325
0.0709325
0.0709325
0.0709325
0.0709325
0.0709325
0.0709325
0.0709325
0.0709325
0.0709325
0.0709325
0.0709325
0.0709325
0.0709325
0.0709325
0.0709325
0.0709325
0.0709325
