0.0529936
0.0604029
0.0730647
0.0761233
0.0761233
0.0761233
0.0761233
0.0761233
0.0761233
0.0761233
0.0761233
0.0761233
0.0761233
0.0761233
0.0761233
0.0761233
0.0761233
0.0761233
0.0761233
0.0761233
0.0761233
0.0761233
0.0761233
0.0761233
0.0761233
0.0761233
0.0761233
0.0761233
0.0761233
0.0761233
0.0761874
0.0761874
0.0791688
0.0822457
0.0822457
0.0822457
0.0822457
0.0822457
0.0822457
0.0822457
0.0822457
0.0822457
0.0822457
0.0822457
0.0822457
0.0822457
0.0822457
0.0822457
0.0822457
0.0822457
0.0822457
0.0822457
0.0822457
0.0822457
0.0822457
0.0793611
0.0791688
0.0791688
0.0712473
0.0791688
0.0822457
0.0858431
0.0858821
0.0779605
0.0760855
0.0760855
0.0768407
0.0791688
0.0737476
0.0737476
0.0690223
0.0649092
0.0715663
0.0762842
0.0737476
0.0737476
0.0787476
0.0792446
0.0792446
0.0786036
0.0761233
0.0736508
0.0736508
0.07366
0.0736508
0.0761874
0.0761874
0.0761874
0.0761874
0.0761874
0.0761874
0.0761874
0.0761874
0.0761874
0.0761874
0.0761874
0.0761874
0.0761874
0.0761874
0.0761874
