4104391213
4104391213
4104391213
4104391213
4104391213
4104391213
4104391213
4104391213
4104391213
4104391213
4104391213
4104391213
4104391213
4104391213
4104391213
4104391213
4104391213
4104391213
4104391213
4104391213
4104391213
4104391213
4104391213
4104391213
4104391213
4104391213
4104391213
4104391213
4104391213
4104391213
4104391213
4104391213
4104391213
4104391213
4104391213
4104391213
4104391213
4104391213
4104391213
4104391213
4104391213
4104391213
4104391213
4104391213
4104391213
4104391213
4104391213
4104391213
4104391213
4104391213
4104391213
4104391213
4104391213
4104391213
4104391213
4104391213
4104391213
4104391213
4104391213
4104391213
4104391213
441061210147
441061210147
441061210147
441061210147
441061210147
441061210147
441061210147
441061210147
441061210147
441061210147
441061210147
441061210147
441061210147
441061210147
441061210147
441061210147
441061210147
441061210147
441061210147
441061210147
441061210147
441061210147
441061210147
441061210147
441061210147
441061210147
441061210147
441061210147
441061210147
441061210147
441061210147
441061210147
441061210147
441061210147
441061210147
441061210147
441061210147
441061210147
441061210147
