0.0528156
0.0540936
0.0540936
0.0554386
0.0554386
0.0554386
0.0554386
0.0554386
0.0554386
0.0608596
0.0664152
0.0629642
0.0616701
0.0567812
0.057902
0.0566652
0.0555462
0.0592763
0.0578896
0.0566499
0.0578896
0.0575738
0.0592673
0.0578896
0.0592673
0.0625402
0.0625402
0.0578896
0.0598663
0.0712998
0.0712833
0.0735288
0.0735288
0.0735288
0.0735379
0.0761203
0.0761203
0.0761203
0.0761203
0.0739134
0.0735288
0.0735288
0.0750123
0.0761203
0.0761203
0.0761203
0.0761203
0.0761203
0.0761203
0.0761203
0.0761203
0.0761203
0.0761203
0.0761203
0.0761203
0.0761203
0.0761203
0.0761203
0.0761203
0.0761203
0.0761203
0.0761203
0.0761203
0.0761203
0.0761203
0.0761203
0.0761203
0.0761203
0.0761203
0.0761203
0.0761203
0.0761203
0.0761203
0.0761203
0.0761203
0.0761203
0.0761203
0.0761203
0.0761203
0.0761203
0.0761203
0.0761203
0.0761203
0.0761203
0.0761203
0.0761203
0.0761203
0.0761203
0.0761203
0.0761203
0.0761203
0.0761203
0.0761203
0.0761203
0.0791332
0.0745263
0.0828596
0.0828596
0.0828596
0.0828596
