0.0526653
0.0545425
0.0549715
0.0549715
0.0549715
0.0549715
0.0549715
0.0549715
0.0549715
0.0549715
0.0549715
0.0549715
0.0549715
0.0549715
0.0549715
0.0549715
0.0549715
0.0549715
0.0549715
0.0549715
0.0549715
0.0549715
0.0549715
0.0549715
0.0549715
0.0549715
0.0549715
0.0527492
0.050325
0.0600432
0.0651543
0.0651543
0.0651543
0.0651543
0.0651543
0.0651543
0.0651543
0.063253
0.063253
0.063253
0.0596581
0.0564747
0.0564637
0.0596452
0.0596581
0.0596452
0.0596581
0.0613364
0.0613364
0.0613364
0.0613364
0.0613364
0.0613364
0.0613364
0.0613364
0.0613364
0.0613364
0.0567969
0.0576353
0.055628
0.0539368
0.0551392
0.0539035
0.0524844
0.0537897
0.0520989
0.0468375
0.0478332
0.0577636
0.0680784
0.0703641
0.0703641
0.0703641
0.0703641
0.0703641
0.0703641
0.0703641
0.0796187
0.082991
0.0853719
0.0853719
0.0886663
0.0889693
0.0889693
0.0889693
0.0889693
0.0889693
0.0889693
0.0889693
0.0889693
0.0889693
0.0889693
0.0889693
0.0889693
0.0889693
0.0889693
0.0889693
0.0889693
0.0889693
0.0889693
