0410611274
0410611274
0410611274
0410611274
0410611274
0410611274
0410611274
0410611274
0410611274
0410611274
0410611274
0410611274
0410611274
0410611274
0410611274
0410611274
0410611274
0410611274
0410611274
0410611274
0410611274
0410611274
0410611274
0410611274
0410611274
0410611274
0410611274
0410611274
0410611274
0410611274
0410611274
0410611274
0410611274
0410611274
0410611274
0410611274
0410611274
0410611274
0410611274
0410611274
0410611274
0410611274
0410611274
0410611274
0410611274
0410611274
0410611274
0410611274
0410611274
0410611274
0410611274
0410611274
0410611274
0410611274
0410611274
0410611274
0410611274
0410611274
0410611274
0410611274
0410611274
0410611274
0410611274
0410611274
0410611274
0410611274
0410611274
0410611274
0410611274
0410611274
0410611274
0410611274
0410611274
0410611274
0410611274
0410611274
0410611274
4511017132
4511017132
4511017132
4511017132
4511017132
4511017132
4511017132
4511017132
4511017132
4511017132
4511017132
4511017132
4511017132
4511017132
4511017132
4511017132
4511017132
4511017132
4511017132
4511017132
4511017132
4511017132
4511017132
